10 3
-1.649022	-8.991226	-5.288474
-8.174370	-3.501848	-1.978723
0.281765	-3.068546	7.784741
-2.964272	-10.572789	16.058416
-2.356396	-4.205985	9.165210
-1.466792	4.685526	17.162580
1.135145	-6.079031	7.646188
-2.620489	-4.107804	-2.238161
-4.045245	1.877558	8.401304
-8.296945	0.762145	15.294145
10 1
1.236931
1.691862
-0.662280
3.394498
2.631784
0.651950
6.433545
1.831409
1.006312
2.772101
10 10
-0.090957	0.715437	-0.270163	-0.486557	0.128408	0.093429	0.541844	-1.541854	-1.140094	0.954717
1.838179	-1.589927	1.157976	0.926623	1.279995	3.626759	0.968939	1.988781	0.209747	1.515683
1.838308	-1.301591	0.902389	0.870540	1.087132	3.673084	0.840116	2.484097	0.434984	1.511954
0.718268	1.670268	-0.006498	-1.403878	1.532671	0.324356	2.226618	-4.242957	-3.734910	1.993988
1.382747	-0.788982	0.906910	0.689533	0.681254	1.791563	0.884247	1.444894	0.359927	1.396092
-0.692095	4.833118	0.475694	-1.554977	1.418684	-0.353481	1.355082	-5.481364	-3.360156	1.658346
1.756773	-1.793374	0.633590	0.829611	1.149124	3.467497	1.090813	2.216758	0.349455	1.475701
1.867736	-1.371464	1.142166	0.675783	1.313452	3.939433	1.139189	2.104472	0.140160	1.501811
1.264337	-0.707422	0.515693	0.977235	0.940292	1.962249	0.581123	1.588080	0.248450	1.442278
0.752765	6.202943	2.274330	-2.004238	1.048612	-1.594543	0.975367	-7.827830	-4.044905	1.338584
10 1
-0.199724
-1.310121
-1.845320
-0.832384
-1.021095
1.468049
-1.188710
-1.642317
-1.105967
2.885379
1 10
0.216104	0.672020	0.745773	1.297021	0.808287	1.732728	0.614111	0.804687	0.763568	2.620382
1 1
-0.030512
