3 1
4.764353
-4.736208
0.409158


3 1
1.102577
4.348335
0.300490


10 3
-0.754467	2.485619	-0.566901
-1.482982	1.915831	-0.655737
2.121014	1.174991	-0.996885
-0.002229	-1.786971	-1.808136
-2.031070	0.332564	-1.383571
-0.557211	-1.900928	2.656962
-1.643796	0.936273	0.002907
2.015508	-1.280968	1.600875
-0.458034	-0.749518	1.733025
-1.186884	-0.927570	0.498686


10 1
-0.485726
1.736183
-0.720529
-0.989489
0.739259
-0.007684
-0.711888
-1.446671
0.337454
1.125962


10 10
0.960392	0.071717	0.279841	-1.742199	1.014941	1.915501	-0.559954	1.071933	0.269924	-0.074873
0.609398	0.763242	0.352873	-0.303383	1.328905	-0.851739	-0.301069	-1.282332	-0.681796	0.361764
0.003160	0.548295	-0.639067	0.135101	0.000819	-0.293468	1.278022	-0.626202	0.235415	0.304061
-0.701207	1.289421	-0.944296	0.504718	-0.462254	-0.880832	1.665134	-0.912447	0.257416	0.445936
-1.184481	1.491683	-0.244900	-0.243468	-0.774156	-0.370304	0.289502	-0.625348	0.197223	0.507845
1.124896	-0.776259	0.626636	1.515596	0.672092	-1.074873	0.718941	0.269525	-1.154205	-1.111217
-0.336047	0.963374	-0.457502	-0.067940	-0.838616	-0.351622	0.033613	-0.677255	-0.015787	0.343290
0.460473	0.287345	0.819557	0.783590	0.836748	-0.829331	1.117528	0.008282	-0.447047	-0.552572
2.331312	-1.258407	1.508151	2.641661	1.328311	-1.803171	1.270865	0.476279	-1.814647	-1.793640
0.488218	0.608437	0.034338	-0.674578	1.383310	-0.951668	-0.313645	-1.151019	-0.545004	0.602774


10 1
0.369837
0.591328
0.084311
0.117999
0.115548
-0.424837
0.398741
-0.252093
-0.587443
0.067803


1 10
-1.766092	-1.175187	0.299302	0.982335	1.356849	-1.369568	0.868750	1.095831	-1.577271	-0.887191


1 1
-0.088466


