3 1
4.724760
-4.810706
0.483310


3 1
0.350116
3.430151
0.215998


10 3
-2.490738	-0.964568	5.872709
-5.593324	-1.352671	-5.416696
2.675511	-4.521879	11.303669
-9.399224	1.307157	5.008487
1.005888	7.324005	13.645566
1.138425	-3.547815	11.115485
-4.098917	-0.831260	7.176929
4.820773	-1.704782	20.194727
-4.559526	-2.328153	-1.863337
-0.891721	-1.094735	4.300020


10 1
2.778604
-1.353551
1.362173
3.195190
2.633946
0.643072
4.117538
2.722647
0.991562
2.075230


10 10
1.363481	1.218382	-1.334499	-1.271641	-3.884157	0.265891	2.087407	2.452829	-5.857870	1.210040
1.302375	0.426103	0.988024	1.009640	0.807769	1.556135	1.274124	1.903495	0.539142	1.288887
1.094774	0.964846	0.660005	0.871271	0.332563	1.970436	1.258791	2.427763	1.113286	1.167210
0.755118	1.739113	-2.525982	0.780182	-1.766086	-1.615386	1.107230	-0.877364	-0.339686	0.630339
1.051285	0.726614	0.959041	0.674079	0.394901	1.169541	1.016473	1.603420	0.854675	1.048344
0.481457	2.650591	-2.884654	1.038342	-2.626923	-2.458248	0.454334	-2.311337	0.228318	0.687294
1.148219	0.563957	0.400039	0.810214	0.570409	1.530181	1.209721	2.136045	0.717917	1.086687
1.224931	0.872233	0.928030	0.674972	0.772191	1.813734	1.618912	2.182841	0.435264	1.288920
0.805513	1.020221	0.539058	0.950860	0.563947	1.536965	0.689467	1.684758	0.869182	1.030815
0.479463	1.034865	0.752420	0.501756	0.650621	0.934958	0.942140	1.474329	0.536763	0.873785


10 1
0.644026
-0.802461
-1.443424
-0.371854
-0.239384
-0.515009
-0.564516
-1.241982
-0.226925
0.093407


1 10
2.977722	0.716373	0.799638	1.229619	1.018857	1.763730	0.679186	0.847758	0.964922	-0.106105


1 1
0.438467


