20 3
-0.396228	1.789926	-1.291678
-0.265715	-0.169063	0.421548
0.151786	0.630310	0.473162
1.054465	0.465423	-0.028105
-0.162066	-0.511672	0.264350
-0.940099	4.937400	-0.247580
4.875743	2.178892	1.923687
2.074641	0.712405	1.285316
-0.282653	-0.044286	0.602745
-2.696249	-0.780305	-0.706644
0.943596	5.349349	-5.310205
1.217132	0.105633	-5.986801
-1.245601	1.304974	2.851069
1.455662	-0.720262	0.254604
0.601726	-0.025835	-0.155373
-1.391992	4.404658	-1.546118
-0.256203	-0.037019	0.449947
6.169834	1.090546	1.047579
0.435220	-0.183832	0.071782
-0.218032	0.341649	-0.396705


20 1
-1.470743
0.549666
-0.374448
0.085164
0.410816
-4.545069
-1.351527
-0.518376
0.881649
0.745275
-2.809620
-5.076504
2.275594
-0.182947
0.971665
-0.100464
0.735153
-3.223557
-0.075621
-0.880526


1 20
-0.914814	0.411114	0.265626	-0.765679	-0.193228	3.546672	2.554542	0.500006	0.341636	-0.962249	-1.643086	-3.024240	-1.671088	-0.701414	-0.404397	-2.426281	0.408295	-2.844648	-0.114329	-0.120476


1 1
0.255594


