3 1
4.530861
-4.085963
0.344020


3 1
1.003592
3.553147
0.221790


10 3
-0.777564	1.131382	-1.092072
-1.310077	-0.374204	-0.164854
-1.844805	2.792368	0.215184
1.097514	-0.169284	-1.221299
-1.246824	-0.379410	-1.682989
-1.035039	1.069843	1.573959
-1.434333	-0.339759	0.140224
-0.155962	-0.321530	1.469611
-0.679767	-0.374587	1.080292
-1.038119	-0.478652	0.773039


10 1
-0.827870
0.823647
0.433450
-0.476510
-1.439176
-0.795771
-0.139734
0.755649
0.466231
0.365088


10 10
0.299582	-0.299927	0.806147	-0.907312	-0.495667	-0.982807	0.505995	0.104381	-0.307638	-0.067703
0.788446	-0.072699	1.323763	1.637958	1.381687	-0.662169	0.263489	-0.779553	-1.028015	-0.790384
-0.255116	1.477381	0.889136	0.906690	-0.475642	-1.251157	2.663596	-0.536517	-0.170427	1.689264
-0.213453	0.201099	-0.650038	0.162940	0.631855	-0.334129	0.423868	-0.422297	-0.101725	-0.536093
-0.056583	0.627210	-1.012059	0.281397	0.865406	-1.076860	0.285864	-0.698307	-0.453283	-0.662531
0.585659	-0.031359	0.634131	-0.162809	-0.043687	-1.038176	0.323088	-0.121587	-0.551958	-0.240620
0.129363	0.373364	-0.859423	-0.241359	-0.068533	-0.067411	-0.072855	-0.297346	-0.037715	-0.226369
0.260288	-0.330514	0.743745	1.456890	1.234902	-0.175932	0.636311	-0.359227	-0.539901	-0.864186
0.569137	-0.924543	1.351417	1.245049	0.157083	-1.625211	-0.660714	-0.385904	-0.974239	-1.491874
0.280254	-0.562035	0.580638	2.790222	1.179591	0.496803	1.299878	-0.540387	-0.660320	-0.288994


10 1
0.274033
0.025131
0.099917
0.026890
-0.242670
-0.181244
0.137561
-0.388726
0.034752
-0.655425


1 10
-0.721473	-1.031433	-0.654624	0.327573	0.980509	-0.708609	0.307899	-1.024246	-0.762691	-1.066914


1 1
-0.086121


